0
6390
28970
13359
17255
23908
30567
15646
9553
8660
5208
27165
26540
6799
26959
31544
20524
6586
15702
13964
23863
5068
29505
27814
16109
4785
22698
12164
17651
24573
7863
19888
1766
11770
14481
31263
19116
7515
24744
389
31390
21239
31844
17569
625
31703
2272
30840
24982
3466
6644
8065
2985
19306
15975
8845
9290
21088
23405
5007
13675
23240
8233
15430
21500
25726
16067
13285
11249
1221
30517
24746
31486
31689
27470
31768
27062
18746
16501
27760
2122
24693
26237
19438
14486
7736
7868
28625
16448
24582
28132
28518
21859
3372
27491
3924
31972
32304
8645
12971
21477
10236
